2.582
12.222
140.088
221.026
315.718
430.594
584.302
657.276
757.196
856.306
948.436
1011.9
1082.38
1091.5
1173.68
1181.79
1250.24
1386.1
1518.95
1530.93
1654.96
1742.33
1752.82
1841.25
1934.57
2018.38
2079.37
2093.81
2109.55
2123.95
2138.08
2154
2165.59
2180.76
2195.62
2211.6
2225.24
2243.46
2256.95
2274.54
2288.32
2304.9
2322.7
2339.52
2355.89
2371.69
2388.45
2402.25
2419.79
2437.46
2453.18
2467.47
2486.67
2499.88
2518.59
2532.43
2550.44
2567.02
2583.46
2599
2617.11
2629.58
2647.17
2664.95
2680.29
2697.01
2711.81
2729.02
2745.18
2762.99
2777.38
2798.72
2812.31
2830.37
2845.04
2861.42
2880.21
2895.1
2913.91
2929.58
2948.31
2961.28
2980.75
2993.45

