2.516
12.408
91.872
135.932
215.094
349.186
359.772
453.546
505.804
581.306
659.786
713.186
829.748
919.69
1005.75
1091.44
1353.87
1366.87
1453.46
1503.88
1617.34
1633.38
1788.74
1893.69
1995.33
2054.74
2070.31
2099.42
2120.6
2140.75
2163.04
2185.43
2206.93
2234.7
2261.73
2286.07
2311.35
2340.75
2364.54
2393.37
2416.51
2438.39
2467.17
2485.58
2512.62
2536.18
2564.25
2591.61
2621.26
2650.1
2677.49
2695.52
2720.37
2740.83
2769.49
2799.85
2818.3
2844.74
2868.4
2890.64
2923.67
2941.2
2961.34
2994.18

