2.568
12.162
140.02
220.948
315.646
430.532
584.23
657.2
757.128
856.24
948.35
1011.83
1082.33
1091.44
1173.63
1181.72
1250.17
1386.04
1518.88
1530.86
1654.88
1742.26
1752.75
1841.18
1934.5
2018.32
2079.32
2093.79
2109.57
2124
2138.15
2154.08
2165.68
2180.84
2195.7
2211.69
2225.33
2243.53
2257.06
2274.63
2288.43
2305
2322.78
2339.6
2355.97
2371.79
2388.55
2402.35
2419.87
2437.56
2453.27
2467.56
2486.75
2499.98
2518.68
2532.53
2550.53
2567.1
2583.56
2599.09
2617.18
2629.68
2647.25
2665.03
2680.4
2697.1
2711.93
2729.13
2745.3
2763.08
2777.49
2798.79
2812.41
2830.44
2845.12
2861.5
2880.29
2895.19
2913.99
2929.68
2948.38
2961.4
2980.83
2993.55

