2.102
10.486
107.456
194.506
603.29
660.804
741.468
819.486
899.582
955.424
1032.38
1194.54
1237.46
1298.64
1370.42
1476.6
1538.76
1599.17
1653.84
1742.85
1937.33
2032.53
2074.14
2093.05
2113.27
2127.54
2145.44
2163.75
2180.53
2197.19
2215.63
2231.45
2252.32
2269.61
2288.49
2306.48
2321.75
2338.79
2356.41
2377.96
2392.64
2417.64
2434.37
2455.2
2472.61
2490.12
2510.13
2532.36
2548.65
2572.54
2592.04
2610.04
2631.34
2644.87
2666.1
2687.51
2705.73
2726.83
2747.86
2763.81
2788.5
2802.93
2819.49
2840.19
2859.28
2878.85
2900.96
2918.62
2941
2956.68
2979.71
2998.23

