1.916
10.232
22.526
94.024
763.912
1383.6
1445.83
1564.11
1740.49
2077.35
2098.39
2113.71
2131.21
2148.86
2164.35
2180.28
2197.9
2214.17
2228.88
2245.75
2258.57
2276.33
2290.03
2308.16
2323.95
2342.39
2360.02
2377.61
2391.97
2407.96
2427.66
2446.51
2464.76
2481.13
2494.23
2516.16
2535.77
2552.03
2572.31
2587.2
2606.37
2621.03
2642.34
2661.62
2679.11
2696.91
2710.67
2724.55
2737.25
2756.13
2769.83
2786.22
2800.55
2820.93
2832.9
2846.4
2863.24
2881.36
2898.43
2916.15
2934.27
2951.62
2969.83
2986.5

