2.242
11.512
80.018
166.526
273.47
436.832
484.632
557.682
670.278
737.692
892.496
938.376
1057.77
1153.31
1328.03
1378.29
1452.44
1521.84
1655.6
1713.25
1762.14
1815.97
1864.75
1954.15
2003.75
2048.46
2085.36
2106.21
2120.86
2134.56
2149.81
2165.72
2181.68
2193.95
2210.22
2224.43
2239.7
2253.6
2269.94
2283.81
2297.31
2311.66
2328.74
2342.84
2356.89
2371.73
2384.4
2400.73
2414.46
2431.83
2448.9
2464.51
2476.83
2492.01
2507.92
2523.25
2535.66
2549.31
2566.16
2578.01
2595.57
2609.31
2628.24
2643.33
2660.53
2675.47
2693.75
2707.69
2722.61
2736.32
2755.32
2773.07
2789.11
2804.32
2819.77
2836.76
2850.13
2862.24
2876.45
2888.74
2905.47
2919.86
2937.73
2950.83
2967.63
2984.41

