2.36
11.426
81.634
133.75
199.332
336.618
393.116
405.462
584.05
678.362
849.896
901.09
971.014
1092.6
1181.3
1308.21
1366.43
1424.09
1543.87
1608.87
1651.83
1777.92
1964.25
2058.3
2094.07
2111.1
2125.48
2138.39
2154.87
2169.07
2185.82
2198.14
2215.49
2233.02
2249.33
2265.34
2279.35
2297.16
2315.21
2330.99
2346.74
2363.43
2380.98
2397.08
2414.6
2430.87
2447.64
2461.6
2474.73
2488.35
2504.18
2517.87
2535.25
2548.86
2567.2
2582.58
2597.35
2613.07
2626.81
2643.2
2661.71
2678.36
2697.31
2713.71
2730.9
2747.54
2761.58
2779.7
2794.12
2812.36
2826.52
2839.31
2853.54
2871.26
2885.67
2906.23
2918.8
2936.36
2955.88
2969.01
2984.73

