2.098
10.434
107.384
194.414
603.198
660.74
741.394
819.416
899.52
955.356
1032.3
1194.45
1237.39
1298.58
1370.35
1476.52
1538.68
1599.1
1653.78
1742.78
1937.25
2032.45
2074.09
2093.02
2113.28
2127.58
2145.49
2163.83
2180.61
2197.28
2215.7
2231.53
2252.38
2269.67
2288.57
2306.55
2321.83
2338.88
2356.49
2378.04
2392.73
2417.71
2434.44
2455.29
2472.68
2490.2
2510.2
2532.44
2548.76
2572.6
2592.11
2610.1
2631.4
2644.96
2666.18
2687.58
2705.82
2726.89
2747.92
2763.9
2788.56
2803.01
2819.57
2840.27
2859.35
2878.91
2901.02
2918.69
2941.06
2956.77
2979.77
2998.3

