2.234
11.46
79.946
166.442
273.384
436.746
484.554
557.608
670.2
737.618
892.404
938.316
1057.68
1153.22
1327.95
1378.23
1452.38
1521.76
1655.52
1713.17
1762.08
1815.91
1864.69
1954.07
2003.68
2048.4
2085.32
2106.21
2120.9
2134.64
2149.9
2165.83
2181.76
2194.05
2210.31
2224.54
2239.78
2253.69
2270.02
2283.9
2297.4
2311.76
2328.82
2342.92
2356.98
2371.82
2384.51
2400.82
2414.57
2431.92
2449.01
2464.6
2476.94
2492.09
2508
2523.33
2535.75
2549.41
2566.24
2578.13
2595.66
2609.44
2628.33
2643.43
2660.62
2675.58
2693.84
2707.79
2722.71
2736.44
2755.41
2773.15
2789.2
2804.4
2819.86
2836.85
2850.23
2862.34
2876.54
2888.85
2905.55
2919.99
2937.82
2950.93
2967.72
2984.5

