2.35
11.368
81.568
133.68
199.266
336.542
393.06
405.404
583.976
678.284
849.822
901.014
970.942
1092.53
1181.24
1308.13
1366.37
1424.02
1543.79
1608.81
1651.76
1777.84
1964.17
2058.24
2094.02
2111.09
2125.52
2138.47
2154.94
2169.17
2185.91
2198.24
2215.58
2233.1
2249.41
2265.42
2279.44
2297.24
2315.32
2331.09
2346.84
2363.54
2381.06
2397.16
2414.7
2430.96
2447.74
2461.68
2474.82
2488.44
2504.27
2517.96
2535.33
2548.95
2567.27
2582.66
2597.42
2613.14
2626.89
2643.3
2661.78
2678.46
2697.39
2713.8
2731
2747.64
2761.67
2779.78
2794.2
2812.44
2826.6
2839.41
2853.65
2871.35
2885.77
2906.31
2918.91
2936.45
2955.96
2969.12
2984.83

