Glom1(0,0)  0.1230  0.9946 
Glom2(0,1)  0.1533  0.6059 
Glom3(0,2)  0.1481  0.5667 
Glom4(0,3)  0.1086  0.9759 
Glom5(0,4)  0.1732  0.3939 
Glom6(1,0)  0.1568  0.4348 
Glom7(1,1)  0.1061  0.2388 
Glom8(1,2)  0.1496  0.2193 
Glom9(1,3)  0.1614  0.2144 
Glom10(1,4)  0.1466  0.4599 
Glom11(2,0)  0.1534  0.9873 
Glom12(2,1)  0.1048  0.2718 
Glom13(2,2)  0.1550  0.6419 
Glom14(2,3)  0.1633  0.2316 
Glom15(2,4)  0.1632  0.7972 
Glom16(3,0)  0.1791  0.2074 
Glom17(3,1)  0.1576  0.3635 
Glom18(3,2)  0.1693  0.6859 
Glom19(3,3)  0.1424  0.7003 
Glom20(3,4)  0.1077  0.7015 
Glom21(4,0)  0.1185  0.5071 
Glom22(4,1)  0.1001  0.7205 
Glom23(4,2)  0.1116  0.6057 
Glom24(4,3)  0.1839  0.6399 
Glom25(4,4)  0.1262  0.8592 
