2.04
10.412
169.908
240.934
478.208
694.874
846.062
1049.57
1339.57
1459.21
1520.07
1565.12
1616.21
1685.81
1734.7
1814.26
1850.04
1982.84
2041.66
2080.32
2098.93
2116.17
2130.7
2143.75
2158.07
2172.59
2185.96
2199.37
2212.91
2227.34
2241.54
2252.86
2263.78
2273.79
2284.02
2293.13
2300.39
2306.92
2313.19
2319.03
2322.42
2633.02
2657.88
2672.35
2686.69
2714.82
2734.02
2756.08
2766.31
2772.04
2795.69
2820.32
2827.95
2842.78
2856.49
2862.18
2875.58
2881.53
2901.65
2919.15
2925.03
2933.76
2940.05
2944.38
2979.26

