2.486
12.662
160.294
282.544
296.718
419.024
506.83
592.658
601.876
690.052
767.166
871.278
981.346
1138.02
1256.85
1329.22
1415.56
1496.04
1615.93
1685.81
1753.46
1762.98
1845.75
1971.3
2071.43
2099.96
2112.58
2126.63
2143.5
2158.27
2171.26
2190.72
2202.37
2220.61
2240.46
2253.6
2273.95
2286.75
2306.79
2324.16
2341.14
2355.71
2371.44
2386.59
2403.96
2424.65
2442.86
2462.08
2477.04
2497.94
2516.58
2530.02
2549.51
2566.94
2583.94
2602.81
2620.85
2639.24
2653.75
2674.88
2689.81
2710
2731.07
2746.76
2765.9
2782.71
2801.83
2817.68
2837.02
2856.09
2872.01
2888.79
2904.95
2924.6
2942.98
2955.57
2971.4
2988.35

