2.172
11.314
73.894
83.452
176.528
249.938
393.156
444.438
524.326
534.294
581.318
687.71
851.836
862.592
970.888
1030.2
1042.07
1099.06
1182.33
1198.46
1242.11
1350.19
1507.29
1602.38
1693.41
1763.7
1829.01
1941.8
2015.13
2026.88
2082.09
2099.59
2116.73
2132.02
2145.26
2159.66
2177.02
2194.26
2209.9
2226
2240.94
2258.06
2275.71
2294.01
2312.21
2328.44
2344.6
2356.37
2371.63
2384.99
2403.63
2417.77
2434.43
2448.63
2466.63
2482.76
2500.88
2518.06
2534.84
2554.47
2569.37
2586.13
2600.5
2618.52
2635.08
2649.4
2667.51
2687.27
2705.65
2719.1
2735.56
2748.73
2766.76
2784.12
2800.83
2818.09
2834.24
2854.81
2874.17
2887.76
2904.12
2918.27
2936.65
2951.33
2970.68
2984.28

