2.16
11.252
73.842
83.384
176.458
249.87
393.076
444.376
524.268
534.232
581.252
687.632
851.776
862.536
970.82
1030.14
1042
1099.01
1182.27
1198.39
1242.07
1350.13
1507.22
1602.3
1693.35
1763.64
1828.95
1941.73
2015.07
2026.81
2082.04
2099.57
2116.76
2132.08
2145.35
2159.75
2177.11
2194.34
2209.98
2226.1
2241.03
2258.16
2275.79
2294.1
2312.29
2328.53
2344.7
2356.47
2371.72
2385.08
2403.7
2417.87
2434.52
2448.71
2466.71
2482.85
2500.96
2518.16
2534.96
2554.55
2569.47
2586.21
2600.6
2618.6
2635.16
2649.5
2667.6
2687.35
2705.72
2719.19
2735.65
2748.83
2766.85
2784.21
2800.93
2818.18
2834.34
2854.9
2874.24
2887.86
2904.21
2918.39
2936.73
2951.43
2970.76
2984.37

