2.472
12.614
160.218
282.476
296.654
418.956
506.758
592.606
601.802
689.986
767.102
871.214
981.272
1137.95
1256.77
1329.15
1415.49
1495.98
1615.86
1685.74
1753.41
1762.92
1845.68
1971.22
2071.35
2099.93
2112.6
2126.69
2143.56
2158.35
2171.36
2190.79
2202.48
2220.7
2240.54
2253.72
2274.02
2286.84
2306.86
2324.25
2341.21
2355.81
2371.53
2386.68
2404.04
2424.71
2442.95
2462.15
2477.13
2498
2516.64
2530.11
2549.58
2567.02
2584.04
2602.88
2620.93
2639.31
2653.85
2674.95
2689.91
2710.09
2731.14
2746.85
2765.99
2782.79
2801.92
2817.77
2837.12
2856.18
2872.09
2888.88
2905.03
2924.68
2943.05
2955.66
2971.47
2988.42

