2.362
11.428
146.37
429.602
503.346
583.47
628.5
682.646
790.436
1094.92
1245.3
1333.07
1403.6
1475.98
1595.24
1744.42
1780.17
1889.37
1967.56
2067.82
2092.93
2110.12
2124.81
2141.38
2156.1
2173.9
2191.33
2209.22
2224.2
2242.02
2256.4
2271.13
2291
2309.46
2325.05
2344.53
2362.49
2381.73
2397.06
2415.85
2435.62
2450.9
2467.53
2484.77
2502.14
2519.48
2534.3
2551.05
2566.96
2587.4
2605.17
2622.46
2643.13
2662.9
2679.84
2693.82
2707.28
2725.53
2743.77
2761.3
2779.59
2798.29
2813.03
2832.95
2850.71
2869.74
2883.62
2901.14
2917
2934.9
2948.8
2960.98
2979.5
2995.76

