2.35
11.37
146.288
429.518
503.27
583.4
628.442
682.586
790.368
1094.85
1245.23
1332.99
1403.54
1475.92
1595.17
1744.33
1780.11
1889.3
1967.47
2067.75
2092.9
2110.13
2124.85
2141.45
2156.18
2173.98
2191.41
2209.29
2224.29
2242.1
2256.49
2271.22
2291.07
2309.54
2325.14
2344.62
2362.57
2381.8
2397.16
2415.94
2435.7
2450.99
2467.61
2484.89
2502.22
2519.56
2534.38
2551.13
2567.05
2587.48
2605.26
2622.55
2643.22
2662.97
2679.91
2693.91
2707.38
2725.61
2743.84
2761.38
2779.66
2798.36
2813.12
2833.02
2850.8
2869.81
2883.72
2901.21
2917.08
2934.97
2948.88
2961.08
2979.58
2995.84

