Connections from MC cells to GC cells:
From the 1 MC cell(0,0):
(0,6)(0, -4) 0.89; (1,3)(1, 3) 0.70; (1,5)(1, 5) 1.00; (2,1)(2, 1) 0.50; (2,3)(2, 3) 0.80; 
(3,6)(3, -4) 1.00; (5,9)(5, -1) 1.00; (6,1)(-4, 1) 0.92; (6,2)(-4, 2) 0.99; (6,9)(-4, -1) 0.92; (8,2)(-2, 2) 0.63; 
(8,5)(-2, 5) 1.00; (9,0)(-1, 0) 0.22; (9,9)(-1, -1) 0.31; 
14

From the 2 MC cell(0,1):
(4,7)(4, 7) 1.00; (6,5)(-4, 5) 1.00; 
2

From the 3 MC cell(0,2):
(0,2)(0, 2) 0.56; (0,9)(0, 9) 1.00; (1,5)(1, 5) 0.25; (1,9)(1, 9) 1.00; (3,9)(3, 9) 1.00; 
(4,8)(4, 8) 1.00; (5,4)(5, 4) 1.00; (7,2)(-3, 2) 0.87; (7,4)(-3, 4) 0.68; (7,5)(-3, 5) 0.68; (7,9)(-3, 9) 1.00; 
(8,0)(-2, 0) 1.00; (9,4)(-1, 4) 0.25; 
13

From the 4 MC cell(0,3):
(4,8)(4, 8) 0.93; (6,9)(-4, 9) 1.00; (9,3)(-1, 3) 0.86; 
3

From the 5 MC cell(0,4):
(0,6)(0, 6) 0.67; (1,0)(1, 10) 0.31; (2,2)(2, 12) 0.80; (2,7)(2, 7) 0.63; (4,0)(4, 10) 0.92; 
(4,9)(4, 9) 0.89; (5,0)(5, 10) 1.00; (5,2)(5, 12) 1.00; (7,1)(-3, 11) 0.80; (7,9)(-3, 9) 0.67; (9,0)(-1, 10) 0.31; 
11

From the 6 MC cell(1,0):
(0,7)(0, -3) 0.83; (2,1)(2, 1) 0.23; (2,2)(2, 2) 0.45; (2,6)(2, -4) 0.89; (3,5)(3, 5) 1.00; 
(4,5)(4, 5) 1.00; (4,6)(4, -4) 0.97; (5,3)(5, 3) 0.90; (7,0)(7, 0) 1.00; (7,1)(7, 1) 1.00; (8,1)(-2, 1) 0.97; 
(8,4)(-2, 4) 1.00; (8,6)(-2, -4) 1.00; (9,0)(-1, 0) 0.72; (9,7)(-1, -3) 0.98; 
15

From the 7 MC cell(1,1):
(0,6)(0, 6) 0.97; (0,7)(0, 7) 1.00; (1,6)(1, 6) 0.88; (1,9)(1, -1) 0.77; (2,0)(2, 0) 0.50; 
(5,7)(5, 7) 1.00; (6,8)(6, -2) 1.00; (7,0)(7, 0) 1.00; (7,1)(7, 1) 1.00; (7,5)(7, 5) 1.00; (8,9)(-2, -1) 1.00; 
(9,5)(-1, 5) 0.95; 
12

From the 8 MC cell(1,2):
(0,9)(0, 9) 1.00; (2,1)(2, 1) 0.78; (3,1)(3, 1) 0.80; (4,7)(4, 7) 0.68; (8,3)(-2, 3) 1.00; 
(8,5)(-2, 5) 0.95; (9,3)(-1, 3) 0.80; 
7

From the 9 MC cell(1,3):
(0,5)(0, 5) 0.63; (2,6)(2, 6) 0.18; (3,5)(3, 5) 0.42; (3,9)(3, 9) 0.53; (4,3)(4, 3) 0.92; 
(4,7)(4, 7) 0.39; (5,7)(5, 7) 0.61; (6,3)(6, 3) 1.00; (6,6)(6, 6) 0.85; (8,1)(-2, 11) 1.00; (9,1)(-1, 11) 1.00; 
11

From the 10 MC cell(1,4):
(0,2)(0, 12) 0.83; (0,6)(0, 6) 0.83; (1,6)(1, 6) 0.72; (2,5)(2, 5) 0.89; (2,6)(2, 6) 0.67; 
(2,9)(2, 9) 0.06; (4,7)(4, 7) 0.59; (7,6)(7, 6) 1.00; (8,9)(-2, 9) 0.94; (9,2)(-1, 12) 0.98; 
10

From the 11 MC cell(2,0):
(0,8)(0, -2) 1.00; (1,2)(1, 2) 0.90; (1,8)(1, -2) 0.90; (5,2)(5, 2) 0.46; (6,5)(6, 5) 1.00; 
(7,5)(7, 5) 1.00; (8,2)(8, 2) 0.90; (8,3)(8, 3) 1.00; (9,7)(9, -3) 1.00; 
9

From the 12 MC cell(2,1):
(1,9)(1, -1) 1.00; (2,3)(2, 3) 0.58; (3,6)(3, 6) 0.90; (4,0)(4, 0) 0.51; 
4

From the 13 MC cell(2,2):
(0,2)(0, 2) 1.00; (0,3)(0, 3) 1.00; (0,4)(0, 4) 1.00; (0,8)(0, 8) 1.00; (0,9)(0, 9) 1.00; 
(1,4)(1, 4) 0.79; (3,6)(3, 6) 0.47; (3,9)(3, 9) 1.00; (4,4)(4, 4) 0.16; (8,5)(8, 5) 0.79; (9,8)(9, 8) 1.00; 
(9,9)(9, 9) 1.00; 
12

From the 14 MC cell(2,3):
(1,6)(1, 6) 0.80; (1,8)(1, 8) 0.83; (2,1)(2, 11) 1.00; (2,3)(2, 3) 1.00; (4,2)(4, 2) 1.00; 
(4,3)(4, 3) 0.84; (4,9)(4, 9) 0.51; (7,5)(7, 5) 0.68; (8,1)(8, 11) 1.00; 
9

From the 15 MC cell(2,4):
(0,0)(0, 10) 1.00; (0,5)(0, 5) 1.00; (2,3)(2, 13) 1.00; (2,8)(2, 8) 0.60; (4,5)(4, 5) 0.90; 
(4,9)(4, 9) 0.11; (7,7)(7, 7) 0.71; (8,9)(8, 9) 0.78; (9,1)(9, 11) 1.00; 
9

From the 16 MC cell(3,0):
(0,6)(10, -4) 1.00; (2,0)(2, 0) 1.00; (4,4)(4, 4) 1.00; (4,8)(4, -2) 0.76; (7,3)(7, 3) 0.67; 
(7,5)(7, 5) 1.00; 
6

From the 17 MC cell(3,1):
(1,0)(11, 0) 1.00; (2,6)(2, 6) 1.00; (3,5)(3, 5) 1.00; (4,8)(4, -2) 1.00; (5,3)(5, 3) 0.42; 
(6,4)(6, 4) 0.42; (6,8)(6, -2) 0.96; (8,3)(8, 3) 0.32; (8,9)(8, -1) 0.77; 
9

From the 18 MC cell(3,2):
(2,1)(2, 1) 1.00; (2,2)(2, 2) 1.00; (4,1)(4, 1) 0.99; (5,7)(5, 7) 0.68; (6,1)(6, 1) 0.80; 
(6,9)(6, 9) 1.00; (8,0)(8, 0) 1.00; (8,9)(8, 9) 1.00; (9,5)(9, 5) 0.51; (9,6)(9, 6) 0.60; 
10

From the 19 MC cell(3,3):
(1,5)(11, 5) 1.00; (1,8)(11, 8) 0.98; (2,0)(2, 10) 1.00; (2,4)(2, 4) 1.00; (3,1)(3, 11) 1.00; 
(4,0)(4, 10) 0.95; (4,7)(4, 7) 0.61; (6,1)(6, 11) 0.96; (6,6)(6, 6) 0.24; (8,2)(8, 2) 1.00; (8,8)(8, 8) 0.39; 
(9,0)(9, 10) 0.88; 
12

From the 20 MC cell(3,4):
(1,2)(11, 12) 1.00; (1,9)(11, 9) 0.94; (2,0)(2, 10) 1.00; (2,4)(2, 4) 1.00; (2,6)(2, 6) 1.00; 
(2,7)(2, 7) 1.00; (2,8)(2, 8) 1.00; (3,8)(3, 8) 0.86; (4,1)(4, 11) 0.76; (4,5)(4, 5) 1.00; (5,9)(5, 9) 0.39; 
(6,1)(6, 11) 0.47; (6,2)(6, 12) 0.69; (6,8)(6, 8) 0.28; (7,0)(7, 10) 0.23; (7,4)(7, 4) 1.00; (8,2)(8, 12) 0.72; 
(8,4)(8, 4) 1.00; (9,3)(9, 13) 1.00; (9,9)(9, 9) 0.50; 
20

From the 21 MC cell(4,0):
(0,3)(10, 3) 0.70; (0,8)(10, -2) 0.50; (1,5)(11, 5) 1.00; (2,0)(12, 0) 0.67; (3,2)(13, 2) 0.99; 
(4,3)(4, 3) 1.00; (5,4)(5, 4) 1.00; (6,3)(6, 3) 0.94; (7,0)(7, 0) 0.44; (8,1)(8, 1) 0.31; (8,2)(8, 2) 0.50; 
(8,3)(8, 3) 0.70; (9,6)(9, -4) 0.89; 
13

From the 22 MC cell(4,1):
(0,7)(10, 7) 1.00; (1,8)(11, -2) 1.00; (4,4)(4, 4) 1.00; (6,8)(6, -2) 1.00; (6,9)(6, -1) 0.98; 
(7,2)(7, 2) 0.45; (7,3)(7, 3) 0.47; 
7

From the 23 MC cell(4,2):
(0,5)(10, 5) 0.25; (0,8)(10, 8) 0.81; (1,7)(11, 7) 0.71; (1,8)(11, 8) 0.90; (5,5)(5, 5) 0.90; 
(6,0)(6, 0) 1.00; (7,1)(7, 1) 0.90; (7,3)(7, 3) 0.56; (7,5)(7, 5) 0.46; (7,6)(7, 6) 0.56; (8,0)(8, 0) 1.00; 
(8,1)(8, 1) 0.81; (9,3)(9, 3) 0.33; 
13

From the 24 MC cell(4,3):
(0,8)(10, 8) 0.36; (1,5)(11, 5) 0.59; (2,8)(12, 8) 0.72; (3,7)(13, 7) 0.89; (4,0)(4, 10) 1.00; 
(6,3)(6, 3) 1.00; (7,8)(7, 8) 0.52; (8,0)(8, 10) 0.76; (8,1)(8, 11) 0.97; (8,6)(8, 6) 0.28; 
10

From the 25 MC cell(4,4):
(0,1)(10, 11) 0.50; (0,6)(10, 6) 0.70; (3,2)(13, 12) 1.00; (3,4)(13, 4) 1.00; (5,0)(5, 10) 0.92; 
(5,4)(5, 4) 1.00; (5,5)(5, 5) 1.00; (7,2)(7, 12) 0.80; (8,4)(8, 4) 1.00; (9,3)(9, 13) 0.89; 
10

