2.362
11.428
146.37
429.602
503.346
583.47
628.5
682.646
790.436
1094.92
1234.25
1333.37
1403.69
1475.98
1592.32
1743.92
1779.26
1896.28
1965.18
2017.23
2070.23
2084.39
2105.19
2119.93
2134.31
2148.25
2163.57
2177.31
2196.22
2211.9
2225.88
2244.14
2261.35
2278.7
2292.55
2310.67
2325.27
2344.34
2362.32
2377.02
2396.24
2412.33
2430.02
2444.78
2464.18
2477.51
2496.2
2513.63
2530.85
2549.91
2564.97
2585.95
2599.31
2620.02
2634.22
2648.84
2665.87
2688.17
2704.13
2722.63
2740.16
2755.28
2771.46
2786.58
2805.21
2822.13
2840.44
2856.34
2871.55
2887.48
2902.76
2920.28
2940.63
2956.05
2973.07
2991.28

