2.35
11.37
146.288
429.518
503.27
583.4
628.442
682.586
790.368
1094.85
1234.17
1333.29
1403.63
1475.92
1592.24
1743.83
1779.2
1896.18
1965.1
2017.17
2070.18
2084.36
2105.19
2119.97
2134.37
2148.35
2163.66
2177.4
2196.31
2211.98
2225.96
2244.22
2261.43
2278.77
2292.64
2310.75
2325.36
2344.44
2362.4
2377.11
2396.31
2412.43
2430.11
2444.89
2464.27
2477.62
2496.28
2513.72
2530.94
2549.99
2565.07
2586.03
2599.42
2620.11
2634.32
2648.96
2665.97
2688.26
2704.21
2722.7
2740.23
2755.36
2771.54
2786.68
2805.3
2822.21
2840.54
2856.42
2871.64
2887.56
2902.85
2920.4
2940.7
2956.14
2973.15
2991.36

