2.04
10.312
178.342
317.048
383.036
691.46
732.716
857.142
949.78
1363.12
1421.32
1518.51
1553.01
1628.59
1701.02
1883.33
1982.99
2078.05
2100.07
2115.54
2129.85
2143.96
2157.96
2173.3
2187.27
2202.76
2217.88
2232.57
2244.74
2256.63
2270
2282.98
2295.8
2309.33
2321.17
2334.25
2345.08
2356.48
2367.48
2377.81
2386.99
2394.8
2401.53
2407.78
2413.98
2418.76
2424.61
2680.91
2704.15
2709.26
2735.78
2761.96
2784.29
2801.72
2823.01
2830.86
2846.24
2851.78
2876.73
2882.27
2887.65
2897.63
2903.39
2908.93
2929.37
2953.47
2960.72
2999.06

