2.486
11.31
94.09
110.396
168.812
258.472
334.54
452.3
460.524
522.502
629.46
672.744
761.138
774.706
937.416
1133.66
1205.34
1343.14
1401.31
1420.65
1468.96
1554.44
1633.59
1710.66
1834.02
1907.14
1971.72
1989.28
2068.97
2082.81
2100.63
2116.69
2131.06
2147.91
2164.3
2182.73
2200.5
2217.82
2233.24
2250.93
2267.38
2287.34
2306.47
2322.81
2338.33
2359.93
2379.46
2398.97
2419.03
2438.93
2458.79
2475.61
2492.15
2511.35
2531.89
2545.82
2562.04
2580.21
2598.83
2615.88
2632.94
2652.76
2674.37
2686.84
2706.59
2725.91
2743.5
2759.73
2773.65
2791.38
2809.01
2826.85
2847.8
2867.36
2885.73
2899.44
2915.48
2929.81
2948.85
2970.34
2989.21

