2.53
12.46
91.95
135.994
215.16
349.252
359.83
453.624
505.866
581.376
659.858
713.252
829.824
919.758
1005.83
1091.51
1353.93
1366.95
1453.53
1503.94
1617.41
1633.46
1781.52
1794.28
1893.42
1994.95
2055.14
2072.49
2100.88
2121.91
2141.92
2164.39
2183.4
2208.35
2235.48
2262.57
2286.31
2310.05
2331.28
2356.71
2380.22
2410.88
2435.72
2459.96
2481.79
2511.86
2536.21
2563.26
2590.06
2620.28
2647.71
2675.01
2694.76
2719.8
2746.35
2769.81
2800.13
2815.66
2843.91
2869.29
2890.44
2923.29
2940.83
2968.23
2996.14

