2.04
10.312
178.342
317.048
383.036
691.46
732.716
857.142
949.78
989.376
1363.21
1420.45
1551.06
1630.28
1696.54
1754.58
1795.73
1882.92
1982.55
2078.8
2098.17
2115.14
2128.47
2143.03
2157.5
2169.7
2183
2195.01
2208.72
2223.47
2235.41
2248.34
2258.49
2270.87
2281.84
2293.36
2303.64
2313.74
2322.39
2328.96
2335.56
2341.86
2348.05
2353.67
2359.75
2671.67
2693.96
2704.15
2735.78
2761.96
2785.8
2801.72
2811.17
2822.95
2830.86
2846.17
2851.47
2855.83
2877.79
2883.4
2887.65
2897.61
2924.37
2929.19
2946.49
2960.72
2970.33
2994.4
2998.79

