2.582
12.222
140.088
221.026
315.718
430.594
584.302
657.276
757.196
856.306
948.436
1011.9
1082.38
1091.5
1173.68
1181.79
1250.24
1386.1
1521.16
1655.48
1742.26
1752.69
1841.2
1934.54
2019.13
2076.07
2087.59
2102.39
2116.75
2128.71
2142.61
2157.49
2171.07
2186.87
2198.74
2213.84
2231.63
2247.92
2262.76
2279.25
2291.38
2305.17
2323.88
2336.21
2353.75
2370.03
2383.34
2400.19
2417.91
2430.55
2449.78
2468.73
2485.21
2499.49
2517.72
2534.01
2547.84
2564.85
2580.25
2595.7
2613.91
2625.32
2641.4
2657.65
2674.03
2693.29
2710.63
2725.68
2742.75
2758.68
2775.63
2789.41
2805.41
2817.25
2832.3
2844.48
2858.74
2876.03
2888.77
2906.9
2922.69
2936.98
2955.98
2974.75
2986.72

