2.568
12.162
140.02
220.948
315.646
430.532
584.23
657.2
757.128
856.24
948.35
1011.83
1082.33
1091.44
1173.63
1181.72
1250.17
1386.04
1521.09
1655.41
1742.2
1752.62
1841.13
1934.47
2019.06
2076.02
2087.56
2102.38
2116.78
2128.78
2142.69
2157.59
2171.17
2186.96
2198.84
2213.92
2231.71
2247.99
2262.87
2279.34
2291.47
2305.26
2323.96
2336.31
2353.84
2370.12
2383.45
2400.28
2417.99
2430.66
2449.87
2468.8
2485.28
2499.6
2517.81
2534.09
2547.94
2564.94
2580.34
2595.79
2613.98
2625.43
2641.48
2657.73
2674.13
2693.37
2710.73
2725.77
2742.83
2758.76
2775.7
2789.52
2805.5
2817.35
2832.37
2844.57
2858.82
2876.1
2888.87
2906.97
2922.77
2937.1
2956.06
2974.82
2986.83

