2.472
11.252
94.026
110.322
168.754
258.404
334.476
452.238
460.462
522.448
629.392
672.68
761.076
774.634
937.326
1133.58
1205.27
1343.06
1401.25
1420.58
1468.9
1546.51
1557.77
1633.97
1711.17
1834.1
1907.11
1971.73
1989.26
2068.92
2082.71
2097.62
2114.73
2129.53
2144.56
2162.37
2179.77
2192.02
2207.57
2225.49
2239.16
2258.22
2273.22
2291.37
2305.63
2321.78
2337.66
2350.17
2368.53
2389
2404.86
2420.21
2441.41
2460.93
2476.59
2489.93
2507.8
2528.66
2541.47
2556.99
2572.32
2584.91
2604.14
2623.69
2641.96
2655.2
2674.9
2693.11
2709.45
2724.09
2742.77
2760.26
2771.75
2789.3
2804.37
2817.9
2831.86
2846.62
2865.86
2884.99
2898.42
2913.64
2932.28
2946.07
2966.95
2984.11

