2.362
11.428
146.37
429.602
503.346
583.47
628.5
682.646
790.436
1094.92
1233.59
1331.16
1403.34
1475.98
1595.4
1674.18
1742.16
1778.34
1889.26
1967.77
2014.52
2069.92
2084.4
2105.35
2120.03
2134.36
2146.02
2162.29
2180.19
2193.57
2211.61
2225.74
2243.36
2254.65
2271.13
2290.15
2302.75
2319.76
2339.91
2352.79
2366.83
2384.45
2397.97
2414.94
2432.19
2445.91
2463.4
2478.44
2492.71
2510.38
2527.05
2543.92
2559.14
2577.21
2593.99
2607.15
2624.27
2644.09
2663.11
2675.32
2690.05
2706.01
2722.33
2739.54
2754.97
2770.36
2789.6
2805.41
2820.41
2839.52
2854.32
2870.07
2885.36
2904.57
2917.62
2938.29
2956.25
2968.95
2986.22

