2.35
11.37
146.288
429.518
503.27
583.4
628.442
682.586
790.368
1094.85
1233.51
1331.07
1403.27
1475.91
1595.32
1674.1
1742.09
1778.29
1889.19
1967.68
2014.45
2069.87
2084.37
2105.34
2120.07
2134.41
2146.12
2162.38
2180.28
2193.66
2211.7
2225.83
2243.43
2254.76
2271.21
2290.22
2302.84
2319.84
2339.97
2352.87
2366.91
2384.51
2398.05
2415.02
2432.26
2445.99
2463.48
2478.53
2492.8
2510.48
2527.12
2543.99
2559.22
2577.29
2594.07
2607.24
2624.36
2644.16
2663.18
2675.4
2690.13
2706.1
2722.42
2739.62
2755.05
2770.47
2789.67
2805.5
2820.52
2839.59
2854.4
2870.16
2885.45
2904.64
2917.72
2938.36
2956.32
2969.03
2986.29

