2.04
10.226
24.73
119.098
381.82
483.302
613.088
667.538
997.75
1105.14
1208.34
1287.8
1377.84
1521.65
1799.56
1927.47
2089.94
2107.98
2124.39
2136.56
2152.29
2163.64
2179.83
2195.61
2211.23
2225.49
2240.65
2253.8
2268.54
2283.43
2295.6
2310.81
2325.25
2338.3
2352.21
2364.79
2376.18
2387.72
2397.89
2407.21
2414.48
2421.41
2427.53
2433.76
2438.93
2742.12
2761.06
2766.59
2780.03
2794.05
2800.31
2807.39
2823.52
2836.72
2853.08
2857.56
2863.06
2868.22
2893.59
2898.69
2916.66
2925
2957.47
2963.18
2970.88
2983.12

