2.582
11.232
128.044
219.314
296.994
389.624
525.294
537.824
626.736
763.988
957.69
974.026
1059.71
1169.08
1280.97
1290.43
1392.95
1612.59
1682.72
1743.88
1819.97
1918.74
2071.74
2098.56
2112.82
2127.45
2140.77
2156.58
2173.1
2187.61
2201.2
2217.64
2230.38
2245.94
2260.82
2278.23
2293.23
2311
2326.71
2341.79
2355.57
2367.97
2381.07
2398.17
2411.38
2427.65
2441.36
2458.8
2476.96
2493.34
2510.75
2526.9
2544.39
2562.4
2577.34
2594.89
2610.75
2628.36
2647.23
2663.61
2679.84
2698.11
2714.14
2727.32
2744.26
2760.55
2778.4
2796.91
2811.36
2827.5
2842.59
2860.09
2880.69
2896.72
2913.2
2927.68
2946.42
2960.08
2977.92
2991.98

