2.486
12.248
80.272
137.058
192.962
289.344
368.218
408.224
473.716
635.946
742.52
756.016
827.16
918.682
993.234
1070.6
1114.75
1125.84
1286.63
1296.29
1395.68
1479.83
1568.81
1621.42
1741.22
1830.89
1929.37
2027.84
2067.89
2078.43
2099.98
2113.57
2129.99
2146.11
2159.19
2176.69
2194.69
2212.6
2231.34
2247.6
2267.58
2286.09
2305.83
2320.86
2323.27
2333.73
2347.73
2366.65
2381.34
2399.47
2415.47
2432.21
2450.63
2464.93
2480.82
2495.6
2516.72
2531.87
2555.1
2571.05
2589.05
2608.78
2624.33
2645.47
2665.22
2679.32
2698.47
2715.89
2734.16
2751.98
2769.92
2784.12
2805
2819.55
2835.86
2855.36
2874.27
2893.44
2913.63
2926.24
2945.2
2964.29
2979.95
2997.4

