2.568
11.18
127.974
219.236
296.932
389.554
525.226
537.756
626.646
763.916
957.624
973.944
1059.64
1169.01
1280.91
1290.36
1392.88
1612.51
1682.65
1743.82
1819.9
1918.67
2071.65
2098.52
2112.83
2127.51
2140.85
2156.66
2173.18
2187.69
2201.3
2217.73
2230.48
2246.03
2260.91
2278.3
2293.32
2311.08
2326.79
2341.87
2355.65
2368.06
2381.16
2398.25
2411.47
2427.73
2441.44
2458.89
2477.04
2493.42
2510.83
2526.99
2544.47
2562.47
2577.43
2595
2610.83
2628.47
2647.31
2663.69
2679.92
2698.19
2714.22
2727.42
2744.34
2760.63
2778.48
2796.99
2811.47
2827.59
2842.69
2860.19
2880.77
2896.82
2913.29
2927.77
2946.51
2960.17
2978
2992.07

