2.472
12.198
80.194
136.99
192.902
289.26
368.142
408.164
473.654
635.86
742.452
755.946
827.09
918.614
993.168
1070.53
1114.7
1125.77
1286.57
1296.22
1395.61
1479.77
1568.74
1621.36
1741.14
1830.82
1929.29
2027.77
2067.84
2078.39
2099.97
2113.6
2130.05
2146.19
2159.29
2176.77
2194.76
2212.67
2231.42
2247.68
2267.65
2286.19
2305.89
2320.94
2333.81
2347.82
2366.73
2381.42
2399.55
2415.55
2432.29
2450.7
2465.02
2480.9
2495.69
2516.8
2531.98
2555.17
2571.12
2589.15
2608.85
2624.43
2645.55
2665.31
2679.4
2698.54
2715.99
2734.23
2752.05
2769.99
2784.21
2805.08
2819.64
2835.94
2855.43
2874.34
2893.52
2913.7
2926.35
2945.29
2964.36
2980.04
2997.47

